<!doctype html>
<html>
   <head>
      <title>Sun or Moon Rise/Set Table for One Year</title>
      <meta charset="utf-8">
      <meta name="viewport" content="width=device-width, initial-scale=1">
      <meta http-equiv="X-UA-Compatible" content="IE=edge" />

      <style id="antiClickjack">body{display:none !important;}</style>

      <script type="text/javascript">
      if (self === top) {
          var antiClickjack = document.getElementById("antiClickjack");
          antiClickjack.parentNode.removeChild(antiClickjack);
      } else {
          top.location = self.location;
      }
   </script>
   </head>

   <body>
<pre>
             o  ,    o  ,                                 ST. PAUL, MINNESOTA                          Astronomical Applications Dept.
Location: W093 07, N44 57                          Rise and Set for the Sun for 2017                   U. S. Naval Observatory        
                                                                                                       Washington, DC  20392-5420     
                                                         Central Standard Time                                                        
                                                                                                                                      
                                                                                                                                      
       Jan.       Feb.       Mar.       Apr.       May        June       July       Aug.       Sept.      Oct.       Nov.       Dec.  
Day Rise  Set  Rise  Set  Rise  Set  Rise  Set  Rise  Set  Rise  Set  Rise  Set  Rise  Set  Rise  Set  Rise  Set  Rise  Set  Rise  Set
     h m  h m   h m  h m   h m  h m   h m  h m   h m  h m   h m  h m   h m  h m   h m  h m   h m  h m   h m  h m   h m  h m   h m  h m
01  0751 1642  0732 1721  0650 1800  0553 1841  0501 1918  0429 1952  0430 2003  0458 1938  0535 1849  0611 1752  0651 1700  0731 1632
02  0751 1643  0731 1722  0648 1802  0551 1842  0500 1920  0429 1953  0431 2002  0459 1937  0536 1847  0612 1750  0653 1659  0732 1632
03  0751 1644  0729 1724  0646 1803  0549 1843  0459 1921  0428 1954  0431 2002  0501 1936  0537 1845  0613 1749  0654 1657  0733 1632
04  0750 1645  0728 1725  0644 1804  0547 1844  0457 1922  0428 1954  0432 2002  0502 1934  0538 1843  0615 1747  0655 1656  0734 1632
05  0750 1646  0727 1727  0643 1806  0545 1846  0456 1923  0427 1955  0433 2001  0503 1933  0540 1842  0616 1745  0657 1655  0735 1631
06  0750 1647  0725 1728  0641 1807  0543 1847  0454 1924  0427 1956  0433 2001  0504 1932  0541 1840  0617 1743  0658 1654  0736 1631
07  0750 1648  0724 1730  0639 1808  0542 1848  0453 1926  0427 1957  0434 2001  0505 1930  0542 1838  0618 1741  0659 1652  0737 1631
08  0750 1649  0723 1731  0637 1810  0540 1849  0452 1927  0426 1957  0435 2000  0506 1929  0543 1836  0620 1739  0701 1651  0738 1631
09  0749 1650  0721 1732  0635 1811  0538 1851  0450 1928  0426 1958  0435 2000  0508 1927  0544 1834  0621 1738  0702 1650  0739 1631
10  0749 1652  0720 1734  0634 1812  0536 1852  0449 1929  0426 1958  0436 1959  0509 1926  0546 1832  0622 1736  0704 1649  0740 1631
11  0749 1653  0719 1735  0632 1814  0534 1853  0448 1930  0426 1959  0437 1959  0510 1924  0547 1830  0623 1734  0705 1648  0741 1631
12  0748 1654  0717 1737  0630 1815  0533 1854  0447 1932  0425 1959  0438 1958  0511 1923  0548 1828  0625 1732  0706 1647  0742 1631
13  0748 1655  0716 1738  0628 1816  0531 1856  0446 1933  0425 2000  0439 1957  0512 1921  0549 1826  0626 1731  0708 1645  0742 1631
14  0747 1656  0714 1740  0626 1818  0529 1857  0444 1934  0425 2000  0440 1957  0513 1920  0550 1825  0627 1729  0709 1644  0743 1631
15  0747 1658  0713 1741  0624 1819  0527 1858  0443 1935  0425 2001  0441 1956  0515 1918  0552 1823  0628 1727  0710 1643  0744 1632
16  0746 1659  0711 1742  0622 1820  0526 1859  0442 1936  0425 2001  0442 1955  0516 1917  0553 1821  0630 1725  0712 1642  0745 1632
17  0746 1700  0710 1744  0621 1821  0524 1901  0441 1937  0425 2002  0442 1954  0517 1915  0554 1819  0631 1724  0713 1642  0745 1632
18  0745 1702  0708 1745  0619 1823  0522 1902  0440 1938  0425 2002  0443 1953  0518 1913  0555 1817  0632 1722  0714 1641  0746 1633
19  0744 1703  0706 1747  0617 1824  0520 1903  0439 1939  0426 2002  0444 1953  0519 1912  0556 1815  0634 1720  0716 1640  0746 1633
20  0743 1704  0705 1748  0615 1825  0519 1905  0438 1941  0426 2002  0445 1952  0521 1910  0557 1813  0635 1719  0717 1639  0747 1633
21  0743 1706  0703 1749  0613 1827  0517 1906  0437 1942  0426 2003  0446 1951  0522 1908  0559 1811  0636 1717  0718 1638  0748 1634
22  0742 1707  0702 1751  0611 1828  0515 1907  0436 1943  0426 2003  0447 1950  0523 1907  0600 1809  0638 1715  0720 1637  0748 1635
23  0741 1708  0700 1752  0609 1829  0514 1908  0435 1944  0427 2003  0448 1949  0524 1905  0601 1807  0639 1714  0721 1637  0749 1635
24  0740 1710  0658 1754  0608 1830  0512 1910  0435 1945  0427 2003  0450 1948  0525 1903  0602 1806  0640 1712  0722 1636  0749 1636
25  0739 1711  0657 1755  0606 1832  0511 1911  0434 1946  0427 2003  0451 1947  0527 1901  0603 1804  0642 1711  0723 1635  0749 1636
26  0738 1712  0655 1756  0604 1833  0509 1912  0433 1947  0428 2003  0452 1946  0528 1900  0605 1802  0643 1709  0725 1635  0750 1637
27  0737 1714  0653 1758  0602 1834  0508 1913  0432 1948  0428 2003  0453 1945  0529 1858  0606 1800  0644 1708  0726 1634  0750 1638
28  0736 1715  0651 1759  0600 1836  0506 1915  0432 1949  0428 2003  0454 1943  0530 1856  0607 1758  0646 1706  0727 1634  0750 1639
29  0735 1717             0558 1837  0504 1916  0431 1949  0429 2003  0455 1942  0531 1854  0608 1756  0647 1705  0728 1633  0750 1639
30  0734 1718             0556 1838  0503 1917  0430 1950  0429 2003  0456 1941  0533 1853  0610 1754  0649 1703  0729 1633  0750 1640
31  0733 1720             0554 1839             0430 1951             0457 1940  0534 1851             0650 1702             0751 1641

                                             Add one hour for daylight time, if and when in use.

</pre>

      <p><a href="javascript:history.go(-1)">Back to form</a></p>
   </body>
</html>